<?xml version="1.0"?>
<opencv_storage>
<intrinsic type_id="opencv-matrix">
  <rows>3</rows>
  <cols>3</cols>
  <dt>d</dt>
  <data>
    5.3560896991126435e+02 0. 3.4215139368279893e+02 0.
    5.3559415325028851e+02 2.3505212554383880e+02 0. 0. 1.</data></intrinsic>
<distCoeffs type_id="opencv-matrix">
  <rows>1</rows>
  <cols>5</cols>
  <dt>d</dt>
  <data>
    -2.6985083877233096e-01 -5.4296951151877918e-04
    1.6588497074268291e-03 -4.7267547358237588e-04
    1.5714572790247835e-01</data></distCoeffs>
</opencv_storage>
